9.171130657196044922e-01,2.119044243922902297e+03
5.851956129074096680e+00,1.000000000000000000e+03
1.098052501678466797e+01,2.120511142281800858e+03
1.584483981132507324e+01,2.119628130211262487e+03
2.097010254859924316e+01,2.119744847132979430e+03
2.593965029716491699e+01,2.119532211011515301e+03
3.094458651542663574e+01,2.119206436514064990e+03
3.585279154777526855e+01,2.119548565285585937e+03
4.087903618812561035e+01,2.118825132110826871e+03
4.586625194549560547e+01,2.119240236377131623e+03
5.090000963211059570e+01,2.118121248538577674e+03
5.588225746154785156e+01,2.119079408869172767e+03
6.088019990921020508e+01,2.117371867902441409e+03
6.585621404647827148e+01,1.000000000000000000e+03
7.094283533096313477e+01,2.117715194291649823e+03
7.597449016571044922e+01,2.119914541486315557e+03
8.094119739532470703e+01,2.117544565376687842e+03
8.594700360298156738e+01,2.119318415370158618e+03
9.097903251647949219e+01,2.117871632455950930e+03
9.589005041122436523e+01,2.116670260569676884e+03
1.009473397731781006e+02,2.117827531583605378e+03
1.059546473026275635e+02,2.115641007424121653e+03
1.109092781543731689e+02,2.118479339736783459e+03
1.159493610858917236e+02,2.116432200219273000e+03
1.209277975559234619e+02,2.118033498752458854e+03
1.259558322429656982e+02,2.117182568129072479e+03
1.309044020175933838e+02,2.117677808639039085e+03
1.359058289527893066e+02,2.117354981962088914e+03
1.409899907112121582e+02,2.117500871879989518e+03
1.459501607418060303e+02,2.116853177193220290e+03
1.509958188533782959e+02,2.119707284323726981e+03
1.559968569278717041e+02,2.116844913954784715e+03
1.608702094554901123e+02,2.119467173396081307e+03
1.660061993598937988e+02,2.117383684711340720e+03
1.708725230693817139e+02,2.117117584962971250e+03
1.759689874649047852e+02,2.117384123458247359e+03
1.809654214382171631e+02,2.115888703802313103e+03
1.859809329509735107e+02,2.117779274716463533e+03
1.909992918968200684e+02,2.116393940013935662e+03
1.959811971187591553e+02,2.117921350778556189e+03
2.009027190208435059e+02,2.117284119983656637e+03
2.059716150760650635e+02,2.117725663958103723e+03
2.108748297691345215e+02,2.118093848780474218e+03
2.160218095779418945e+02,2.117416624364686868e+03
2.210527040958404541e+02,2.116795783033345288e+03
2.259948451519012451e+02,2.119119123511105954e+03
2.308726639747619629e+02,2.119427893092082286e+03
2.360475540161132812e+02,2.119057390951188154e+03
2.409970674514770508e+02,2.118714519660428323e+03
2.459126217365264893e+02,2.116739374996680908e+03
2.508499691486358643e+02,2.118365815472684517e+03
2.559924952983856201e+02,2.117101706193958307e+03
2.610125775337219238e+02,2.115342123338113652e+03
2.659850833415985107e+02,2.117544395123424692e+03
2.709967668056488037e+02,2.117563711089995195e+03
2.759895122051239014e+02,2.118670787969561843e+03
2.808929982185363770e+02,2.119099352900665053e+03
2.859817056655883789e+02,2.119998949343376353e+03
2.908579576015472412e+02,2.120363707704894296e+03
2.959811968803405762e+02,2.121753858579591451e+03
3.015052027702331543e+02,2.119911654588859165e+03
3.065346987247467041e+02,2.123927197360056653e+03
3.114511945247650146e+02,2.118531247690458258e+03
3.164670848846435547e+02,2.120750433026323208e+03
3.215711624622344971e+02,2.119964430509551221e+03
3.265088305473327637e+02,2.118088299744553751e+03
3.315348773002624512e+02,2.122122953747234533e+03
3.366111941337585449e+02,2.117721318387440078e+03
3.415830662250518799e+02,2.122050753800904658e+03
3.465314190387725830e+02,2.117648147045817495e+03
3.515615510940551758e+02,2.122903002931328501e+03
3.566148536205291748e+02,2.118790125080546204e+03
3.614670591354370117e+02,2.121119037160714015e+03
3.664754061698913574e+02,2.122432179903414635e+03
3.716000618934631348e+02,2.119247223559159011e+03
3.764889953136444092e+02,2.123961428460063871e+03
3.815444591045379639e+02,2.118752676804091152e+03
3.866271893978118896e+02,2.122300464085810745e+03
3.915867412090301514e+02,2.119499972839458223e+03
3.965148818492889404e+02,2.122492609798682224e+03
4.015647449493408203e+02,2.121049904555391549e+03
4.064574873447418213e+02,2.123512177664781120e+03
4.115322933197021484e+02,2.120956408619244485e+03
4.165064322948455811e+02,2.124322365472283309e+03
4.215717358589172363e+02,2.120672088562951103e+03
4.265608055591583252e+02,2.122233253910247640e+03
4.315268459320068359e+02,2.117964674588324669e+03
4.365492937564849854e+02,2.119529365907995270e+03
4.414826529026031494e+02,2.122905266895840214e+03
4.465573318004608154e+02,2.119970916444278828e+03
4.515581412315368652e+02,2.122451988451410216e+03
4.565901868343353271e+02,2.118287704455520725e+03
4.616201963424682617e+02,2.120789747066366999e+03
4.665800919532775879e+02,2.118410783725858437e+03
4.716044349670410156e+02,2.120366874767662011e+03
4.765693671703338623e+02,2.118809015439757331e+03
4.815310819149017334e+02,2.121509591701342742e+03
4.866128487586975098e+02,2.118386647242802610e+03
4.916011924743652344e+02,2.122607912848932756e+03
4.965173580646514893e+02,2.119623206103032771e+03
5.014923367500305176e+02,2.121252854975718492e+03
5.065869021415710449e+02,2.116234826403774150e+03
5.114670803546905518e+02,2.118350322171454081e+03
5.164833965301513672e+02,2.122030433345063557e+03
5.215948514938354492e+02,2.117414874313687960e+03
5.265769183635711670e+02,2.122235268665662261e+03
5.315336794853210449e+02,2.117194976253422737e+03
5.364927420616149902e+02,2.115427499887854992e+03
5.415541899204254150e+02,2.116135224260308860e+03
5.464724261760711670e+02,2.116306547569578470e+03
5.515083777904510498e+02,2.116492018616657788e+03
5.566005606651306152e+02,2.116948670935844802e+03
5.614865581989288330e+02,2.118062935226314494e+03
5.665220644474029541e+02,2.117704360504263605e+03
5.716548137664794922e+02,2.119833487978538869e+03
5.765609390735626221e+02,2.120838659797071614e+03
5.815571041107177734e+02,1.000000000000000000e+03
5.865960743427276611e+02,2.119302758501655717e+03
5.916212167739868164e+02,1.000000000000000000e+03
5.965948283672332764e+02,2.120799891313342869e+03
6.022066366672515869e+02,2.119032242610219782e+03
6.072625474929809570e+02,2.116562241135860859e+03
6.122483551502227783e+02,2.118015178573129106e+03
6.173090336322784424e+02,2.117028069557085928e+03
6.223161160945892334e+02,2.119041035374064904e+03
6.272827754020690918e+02,2.119315641725769638e+03
6.324092922210693359e+02,2.119802503424744373e+03
6.375045816898345947e+02,2.121591412476434016e+03
6.427830708026885986e+02,2.120728953433474999e+03
6.478684535026550293e+02,2.122915454769004100e+03
6.531502742767333984e+02,2.121137928062222727e+03
6.583170943260192871e+02,2.118619135128049948e+03
6.635133278369903564e+02,2.117799298652937523e+03
6.687669448852539062e+02,2.119066792963270473e+03
6.739970643520355225e+02,2.118193901644373909e+03
6.792491888999938965e+02,2.120467588844599959e+03
6.845340259075164795e+02,2.122354372429078467e+03
6.898721046447753906e+02,2.120943265837066065e+03
6.951302089691162109e+02,2.121041731597711532e+03
7.003315107822418213e+02,2.121294137114614387e+03
7.056802690029144287e+02,2.119107522375531516e+03
7.111111164093017578e+02,2.116661430166460377e+03
7.164911849498748779e+02,2.120788026398737202e+03
7.220102248191833496e+02,1.000000000000000000e+03
7.275536577701568604e+02,2.120675685814089775e+03
7.329911956787109375e+02,2.119392359692365062e+03
7.385943157672882080e+02,2.118834016511256323e+03
7.441348466873168945e+02,2.121291093829265265e+03
7.496870503425598145e+02,2.122557677110770783e+03
7.552130858898162842e+02,2.120393025511088581e+03
7.607064640522003174e+02,2.120956861991116057e+03
7.663867259025573730e+02,2.121653393711917033e+03
7.721166207790374756e+02,2.121703992828837272e+03
7.777728168964385986e+02,2.121790754183448371e+03
7.833868067264556885e+02,2.119839560235951922e+03
7.890362093448638916e+02,2.120347604750989376e+03
7.948291709423065186e+02,2.121011140325048018e+03
8.006072130203247070e+02,2.122061101911688638e+03
8.064154567718505859e+02,1.000000000000000000e+03
8.122824406623840332e+02,2.119485874170845818e+03
8.181465165615081787e+02,2.120744239469272088e+03
8.241046855449676514e+02,2.119083165122177888e+03
8.300376884937286377e+02,2.120650332058084587e+03
8.360370800495147705e+02,2.120240611408408313e+03
8.420692608356475830e+02,2.115496186270623639e+03
8.480345599651336670e+02,2.121647400218968869e+03
8.540438306331634521e+02,2.121598953966147747e+03
8.599546973705291748e+02,2.122862535187137837e+03
8.661237142086029053e+02,2.121560412009648644e+03
