9.242818355560302734e-01,1.339401204682895013e+03
5.880977869033813477e+00,1.340859589883326407e+03
1.088780617713928223e+01,1.341010970168644008e+03
1.599042010307312012e+01,1.341625360037899327e+03
2.097244358062744141e+01,1.344849535914423086e+03
2.595061564445495605e+01,1.345214097315347317e+03
3.096388077735900879e+01,1.346555509434519763e+03
3.596984577178955078e+01,1.346181862580196594e+03
4.097882628440856934e+01,1.346976317802772655e+03
4.589704656600952148e+01,1.347046697098827735e+03
5.078422164916992188e+01,1.347718088078208893e+03
5.588732028007507324e+01,1.347727883615339124e+03
6.096474099159240723e+01,1.348533019419146967e+03
6.599771404266357422e+01,1.348408371381856114e+03
7.089190888404846191e+01,1.349596072534859786e+03
7.590784525871276855e+01,1.348785336009392267e+03
8.094197130203247070e+01,1.350137568682288702e+03
8.598032569885253906e+01,1.349794809557365852e+03
9.099883174896240234e+01,1.350015611432328114e+03
9.597056055068969727e+01,1.350678915288215421e+03
1.009820561408996582e+02,1.349519395014528527e+03
1.059324645996093750e+02,1.350047033281157610e+03
1.108818368911743164e+02,1.349443970915514910e+03
1.158943064212799072e+02,1.349791221351792956e+03
1.209013381004333496e+02,1.349522153867198540e+03
1.260107421875000000e+02,1.350096743537556677e+03
1.308978245258331299e+02,1.349970644442422781e+03
1.359024910926818848e+02,1.351141087803772962e+03
1.410009982585906982e+02,1.350887637583931109e+03
1.458975670337677002e+02,1.351963529539964611e+03
1.509896905422210693e+02,1.351140949692502090e+03
1.560299146175384521e+02,1.352388037902670931e+03
1.609824781417846680e+02,1.352423547566172147e+03
1.659898030757904053e+02,1.351867573459466712e+03
1.709495670795440674e+02,1.351633646194625271e+03
1.759847061634063721e+02,1.351565040981123502e+03
1.809924876689910889e+02,1.352206898509692110e+03
1.860292994976043701e+02,1.351840808969599266e+03
1.909986438751220703e+02,1.353149756373725950e+03
1.959586255550384521e+02,1.352243216573519476e+03
2.009088423252105713e+02,1.353691974552451484e+03
2.060257182121276855e+02,1.352976489729918057e+03
2.109060702323913574e+02,1.353595963849833652e+03
2.160015339851379395e+02,1.353934719753786112e+03
2.208842434883117676e+02,1.353432204111899182e+03
2.259945781230926514e+02,1.353773722457675831e+03
2.309423184394836426e+02,1.353185212473819092e+03
2.360082015991210938e+02,1.353395915162353504e+03
2.410007979869842529e+02,1.353175125959218576e+03
2.459071226119995117e+02,1.353377489117518053e+03
2.509960467815399170e+02,1.353183573149422045e+03
2.559979491233825684e+02,1.353842761254513562e+03
2.610034806728363037e+02,1.353520570402647991e+03
2.659206891059875488e+02,1.354462806696094958e+03
2.710514168739318848e+02,1.353807593847731823e+03
2.758930590152740479e+02,1.354934482220872269e+03
2.809724919795989990e+02,1.354433034158181044e+03
2.859624919891357422e+02,1.354654032142324468e+03
2.908272831439971924e+02,1.355136482958259876e+03
2.959588601589202881e+02,1.354354862544870684e+03
3.015313870906829834e+02,1.354185493163947740e+03
3.065396628379821777e+02,1.353935268778948739e+03
3.115524296760559082e+02,1.354263980692751829e+03
3.165388288497924805e+02,1.354184722374228386e+03
3.215372564792633057e+02,1.355639738091932713e+03
3.264613428115844727e+02,1.354171641996742437e+03
3.315762953758239746e+02,1.355831448263420498e+03
3.365382688045501709e+02,1.354340552159541630e+03
3.414588303565979004e+02,1.356277465035647538e+03
3.465347418785095215e+02,1.354678055692057569e+03
3.515476052761077881e+02,1.355397970145403178e+03
3.565508060455322266e+02,1.355559109520424499e+03
3.615615034103393555e+02,1.354838969142327187e+03
3.665406970977783203e+02,1.355414781116727909e+03
3.715525507926940918e+02,1.354321456779319760e+03
3.765600428581237793e+02,1.354770731957592261e+03
3.814184997081756592e+02,1.354185236333301873e+03
3.865846982002258301e+02,1.354255229616459928e+03
3.914705464839935303e+02,1.354207230489494123e+03
3.965447173118591309e+02,1.355561376017277098e+03
4.015518405437469482e+02,1.353899740472076928e+03
4.065586042404174805e+02,1.355843092442145235e+03
4.115488412380218506e+02,1.354205510069006095e+03
4.165815813541412354e+02,1.355081938339319095e+03
4.215910317897796631e+02,1.354472235395540793e+03
4.265724503993988037e+02,1.354960074233657451e+03
4.314677958488464355e+02,1.355424687398269043e+03
4.365616011619567871e+02,1.353952422872456054e+03
4.414824852943420410e+02,1.354924409682330861e+03
4.465572211742401123e+02,1.353444068216214873e+03
4.514424822330474854e+02,1.353842699163292991e+03
4.565698797702789307e+02,1.353208588461050567e+03
4.615534584522247314e+02,1.353771391782668843e+03
4.665595717430114746e+02,1.352769878173440702e+03
4.716110913753509521e+02,1.353739997161391557e+03
4.765620250701904297e+02,1.352617523381165029e+03
4.815634751319885254e+02,1.354139108252905999e+03
4.864810025691986084e+02,1.353576339722694684e+03
4.915794708728790283e+02,1.352766370942404592e+03
4.965609529018402100e+02,1.353761562857443323e+03
5.016108913421630859e+02,1.352745632620560627e+03
5.064904127120971680e+02,1.353581405662073848e+03
5.115710270404815674e+02,1.352733175561435246e+03
5.165717113018035889e+02,1.353068262653028796e+03
5.214965493679046631e+02,1.353848960009058374e+03
5.264978058338165283e+02,1.352333427293481918e+03
5.315734648704528809e+02,1.353264254833265340e+03
5.365734827518463135e+02,1.351796718921649244e+03
5.415325632095336914e+02,1.352710801400858827e+03
5.466071307659149170e+02,1.351529022005854131e+03
5.515799486637115479e+02,1.352143698261480040e+03
5.565908687114715576e+02,1.351714802694251375e+03
5.615734963417053223e+02,1.352517274449622391e+03
5.665817079544067383e+02,1.351936218518367923e+03
5.716145086288452148e+02,1.353047497269966925e+03
5.765747244358062744e+02,1.352202322074943595e+03
5.816124825477600098e+02,1.353312509423794836e+03
5.865543863773345947e+02,1.352599914148507651e+03
5.915779004096984863e+02,1.353467578894068083e+03
5.965877618789672852e+02,1.353579979575695234e+03
6.023124973773956299e+02,1.352286934075580348e+03
6.072924768924713135e+02,1.352771604639842735e+03
6.121754763126373291e+02,1.352174569300443409e+03
6.177324864864349365e+02,1.353072934529344820e+03
6.229225296974182129e+02,1.352580260252786729e+03
6.278295557498931885e+02,1.353678444900354407e+03
6.328549003601074219e+02,1.352809428805815287e+03
6.379214589595794678e+02,1.353959758182793394e+03
6.428432774543762207e+02,1.353590317924831879e+03
6.478509428501129150e+02,1.354080391151509275e+03
6.533124928474426270e+02,1.353823408139632193e+03
6.583243415355682373e+02,1.353289429727024753e+03
6.633938999176025391e+02,1.353570147444775102e+03
6.683420035839080811e+02,1.358640050073571501e+03
6.734425134658813477e+02,1.378599793547106628e+03
6.787174148559570312e+02,1.411451869629059047e+03
6.838188312053680420e+02,1.430978126637449350e+03
6.889813945293426514e+02,1.441511610622806529e+03
6.941105961799621582e+02,1.446386269754241539e+03
6.991823687553405762e+02,1.456977662193675769e+03
7.043868072032928467e+02,1.460698352207743710e+03
7.095181949138641357e+02,1.464133305746801398e+03
7.146969223022460938e+02,1.466900058711536076e+03
7.197973625659942627e+02,1.474735260019523821e+03
7.250412857532501221e+02,1.476885916911338654e+03
7.302924201488494873e+02,1.478268139816993653e+03
7.354834473133087158e+02,1.480791159722398561e+03
7.406724951267242432e+02,1.481269564436796827e+03
7.459184441566467285e+02,1.482988317454770595e+03
7.512600610256195068e+02,1.490174610469596701e+03
7.566619343757629395e+02,1.492116572996204013e+03
7.620308990478515625e+02,1.493405771536514976e+03
7.678544871807098389e+02,1.493938889984014850e+03
7.734699082374572754e+02,1.495635462061890848e+03
7.790389087200164795e+02,1.496173483019275864e+03
7.844999549388885498e+02,1.503359916075758747e+03
7.899612715244293213e+02,1.506030291582506379e+03
7.955402765274047852e+02,1.506316513238471771e+03
8.010703847408294678e+02,1.508055594303090174e+03
8.067467324733734131e+02,1.509117799643549006e+03
8.123466022014617920e+02,1.510725085820024333e+03
8.179612188339233398e+02,1.512594657432409804e+03
8.235351514816284180e+02,1.520188914149061702e+03
8.291241424083709717e+02,1.521467724339391452e+03
8.349402003288269043e+02,1.521930476986413169e+03
8.406634564399719238e+02,1.529768575018520096e+03
8.463324384689331055e+02,1.531146031071568814e+03
8.519399416446685791e+02,1.532167586900658534e+03
8.576895887851715088e+02,1.538966296044399542e+03
8.635220699310302734e+02,1.539997163393102937e+03
8.693369107246398926e+02,1.542223607552040676e+03
8.750120069980621338e+02,1.542511839724742913e+03
8.808288137912750244e+02,1.547913028465594380e+03
8.866570768356323242e+02,1.549233985193649687e+03
8.926188406944274902e+02,1.550804533608358724e+03
8.985293111801147461e+02,1.552727501572563369e+03
9.052870824337005615e+02,1.553317424212589003e+03
9.111602482795715332e+02,1.554489399961392564e+03
9.170847716331481934e+02,1.556386843583676864e+03
9.230213711261749268e+02,1.556705719284997485e+03
9.289180657863616943e+02,1.557559505751186180e+03
9.349368579387664795e+02,1.564501761896971402e+03
9.408902254104614258e+02,1.565033338500848004e+03
9.469696588516235352e+02,1.566079884754225759e+03
9.531542193889617920e+02,1.567801447999679112e+03
9.593119342327117920e+02,1.568693497618074616e+03
9.654013805389404297e+02,1.569963584432162406e+03
9.715216889381408691e+02,1.570644044160628710e+03
9.777657105922698975e+02,1.571611717136670904e+03
9.839109828472137451e+02,1.572981579850387789e+03
9.900878741741180420e+02,1.573891417897554447e+03
9.962688264846801758e+02,1.574897398568522703e+03
1.002416244029998779e+03,1.575561772497848551e+03
1.008630270242691040e+03,1.576239067700074884e+03
1.015022213220596313e+03,1.577302233878139987e+03
1.021331952095031738e+03,1.577880103857999984e+03
1.027631146430969238e+03,1.578212498289101404e+03
1.033861485242843628e+03,1.587263740553128628e+03
1.040193455219268799e+03,1.588133630576240421e+03
1.046580896615982056e+03,1.588363920678857994e+03
1.052977854728698730e+03,1.589454081434515956e+03
1.059442478895187378e+03,1.590382068382671378e+03
1.066079226493835449e+03,1.590683587447180798e+03
1.072624594926834106e+03,1.593996269328627932e+03
1.079052832365036011e+03,1.593946238881579120e+03
1.085552411556243896e+03,1.595919501956611384e+03
1.092057803869247437e+03,1.596479349213675732e+03
1.098622742891311646e+03,1.595340817614900743e+03
1.105197854518890381e+03,1.597958308427964539e+03
1.111841127395629883e+03,1.597495971340316373e+03
