9.591965675354003906e-01,7.836032834588118021e+02
5.880595207214355469e+00,7.839230325112782793e+02
1.086703944206237793e+01,7.838611804676050951e+02
1.587069463729858398e+01,7.839083300632162263e+02
2.096901679039001465e+01,7.837608514377629945e+02
2.597753500938415527e+01,7.837355237540933786e+02
3.096159887313842773e+01,7.835785414312075545e+02
3.588032507896423340e+01,7.835931939527697523e+02
4.091684222221374512e+01,7.835774009793043433e+02
4.596164655685424805e+01,7.835196385885310519e+02
5.097142887115478516e+01,7.834436260949494226e+02
5.588799118995666504e+01,7.834501340640243825e+02
6.096653342247009277e+01,7.834277066699906982e+02
6.588647460937500000e+01,7.833551280963330328e+02
7.088988518714904785e+01,7.833248906327954728e+02
7.596704101562500000e+01,7.833104834406366308e+02
8.088593482971191406e+01,7.832575068848507271e+02
8.588868498802185059e+01,7.832753197930685474e+02
9.098894238471984863e+01,7.832188053994996153e+02
9.597015547752380371e+01,7.830699451419569641e+02
1.009808876514434814e+02,7.832075233382582837e+02
1.059011151790618896e+02,7.829851602335046437e+02
1.109726223945617676e+02,7.830489673425256569e+02
1.159814426898956299e+02,7.829200655694920670e+02
1.210200824737548828e+02,7.828702541327345443e+02
1.258634061813354492e+02,7.827897912807718512e+02
1.308904430866241455e+02,7.829575543762124425e+02
1.359895150661468506e+02,7.829356851996114983e+02
1.409967625141143799e+02,7.828461209375882390e+02
1.458935620784759521e+02,7.828874165791615951e+02
1.509902367591857910e+02,7.828699801252669204e+02
1.559779942035675049e+02,7.828257486629001960e+02
1.608651487827301025e+02,7.829824037738712832e+02
1.659900736808776855e+02,7.829909075141118819e+02
1.709988095760345459e+02,7.828189742026490876e+02
1.760139050483703613e+02,7.829348327833168923e+02
1.810232093334197998e+02,7.828296922854793820e+02
1.860012650489807129e+02,7.828543080180689913e+02
1.909803557395935059e+02,7.828315974979398106e+02
1.959007537364959717e+02,7.828590891726008749e+02
2.010016369819641113e+02,7.828482309722995751e+02
2.060169792175292969e+02,7.829273033379324715e+02
2.109098925590515137e+02,7.828837854359940138e+02
2.159433395862579346e+02,7.828612434964053364e+02
2.209908123016357422e+02,7.829944365850034274e+02
2.259907193183898926e+02,7.828349621814528518e+02
2.309992673397064209e+02,7.829093940112348946e+02
2.360086152553558350e+02,7.828504350489486114e+02
2.409073748588562012e+02,7.829165120031301512e+02
2.458846974372863770e+02,7.829540832398236034e+02
2.509204361438751221e+02,7.831166729319002116e+02
2.559938688278198242e+02,7.830608095442165677e+02
2.610469655990600586e+02,7.830650073520880596e+02
2.659238491058349609e+02,7.829651152775312539e+02
2.709916579723358154e+02,7.831324799233452723e+02
2.759579448699951172e+02,7.830164811678537262e+02
2.808537499904632568e+02,7.832564673785166178e+02
2.859984858036041260e+02,7.831349116226300566e+02
2.909187555313110352e+02,7.830577773327753448e+02
2.960160069465637207e+02,7.831044167005228473e+02
3.015324978828430176e+02,7.831055841350814717e+02
3.065116317272186279e+02,7.830527060872601623e+02
3.115496494770050049e+02,7.828953198143858572e+02
3.164868936538696289e+02,7.830197340744432495e+02
3.215408535003662109e+02,7.828351915824290472e+02
3.264695167541503906e+02,7.829921370860766956e+02
3.314070153236389160e+02,7.829372791143772474e+02
3.365106258392333984e+02,7.830032604121516897e+02
3.414938869476318359e+02,7.829267278198825579e+02
3.465084645748138428e+02,7.828917377071546753e+02
3.514815063476562500e+02,7.827999664794290311e+02
3.565279946327209473e+02,7.828480449230245313e+02
3.615315997600555420e+02,7.827425905703929629e+02
3.663816320896148682e+02,7.827939145613956953e+02
3.715269784927368164e+02,7.828464503154998511e+02
3.764450201988220215e+02,7.827535142083366964e+02
3.815138716697692871e+02,7.828316519251645786e+02
3.864350867271423340e+02,7.827229228569518682e+02
3.914416310787200928e+02,7.828071660583514131e+02
3.964510524272918701e+02,7.827062722183254664e+02
4.013665966987609863e+02,7.828018184157439237e+02
4.065299520492553711e+02,7.827173110186514577e+02
4.115126271247863770e+02,7.827826832623576365e+02
4.164391012191772461e+02,7.826713970212148297e+02
4.215296912193298340e+02,7.827940577087398424e+02
4.265712516307830811e+02,7.826802884541123149e+02
4.315310099124908447e+02,7.827727434304242706e+02
4.364440808296203613e+02,7.826767836470521615e+02
4.415404744148254395e+02,7.827429794715470734e+02
4.465238676071166992e+02,7.827555567803586882e+02
4.515316488742828369e+02,7.827413774229273713e+02
4.564136483669281006e+02,7.827478689885010681e+02
4.614679682254791260e+02,7.826856714909260972e+02
4.664469864368438721e+02,7.828425176716622218e+02
4.715412523746490479e+02,7.827844922090496311e+02
4.765680470466613770e+02,7.828145057417293629e+02
4.814878494739532471e+02,7.827701311792704928e+02
4.865704627037048340e+02,7.828399756419076994e+02
4.914611823558807373e+02,7.828327632983082367e+02
4.964847562313079834e+02,7.828258182683731548e+02
5.015055553913116455e+02,7.828487295505506154e+02
5.065828430652618408e+02,7.829044482435215286e+02
5.114555251598358154e+02,7.828340078144738072e+02
5.165117578506469727e+02,7.829072105997660174e+02
5.215006949901580811e+02,7.828242236462604069e+02
5.265706868171691895e+02,7.828716640252022216e+02
5.315095095634460449e+02,7.829316564038311981e+02
5.365408272743225098e+02,7.829260964869263262e+02
5.415015552043914795e+02,7.829291359883959558e+02
5.465457508563995361e+02,7.829291243080753020e+02
5.514664778709411621e+02,7.829691352944174696e+02
5.565362529754638672e+02,7.829579932045960504e+02
5.614668474197387695e+02,7.830247076172695415e+02
5.664683344364166260e+02,7.830380368106337983e+02
5.715628347396850586e+02,7.830660708689598550e+02
5.764793367385864258e+02,7.830784465324934445e+02
5.815490157604217529e+02,7.831337312530922645e+02
5.865980970859527588e+02,7.831149908776114899e+02
5.915438897609710693e+02,7.831577612217126898e+02
5.965816452503204346e+02,7.831217393895044552e+02
6.021638672351837158e+02,7.831837446270747023e+02
6.072268896102905273e+02,7.832406421585168346e+02
6.122170028686523438e+02,7.831847802451538882e+02
6.171685812473297119e+02,7.832088387586552471e+02
6.220817408561706543e+02,7.832234369088484982e+02
6.271300268173217773e+02,7.832342475978564380e+02
6.322248580455780029e+02,7.831902311042626934e+02
6.371748559474945068e+02,7.832130690181768387e+02
6.421830649375915527e+02,7.832601211341062708e+02
6.472231392860412598e+02,7.832489015008987963e+02
6.521430182456970215e+02,7.832602663630240158e+02
6.571898555755615234e+02,7.832481957188292654e+02
6.621930582523345947e+02,7.832682887220357770e+02
6.671126370429992676e+02,7.832547246689080112e+02
6.722246167659759521e+02,7.833261886776929259e+02
6.772233471870422363e+02,7.832785721118623314e+02
6.821106572151184082e+02,7.832607284448844212e+02
6.872157008647918701e+02,7.832855297174594398e+02
6.921425881385803223e+02,7.832504642141605018e+02
6.972054121494293213e+02,7.832472099644442096e+02
7.021000070571899414e+02,7.832687556487866232e+02
7.072289447784423828e+02,7.833303270488896715e+02
7.121115486621856689e+02,7.832322730686952355e+02
7.171561026573181152e+02,7.832913377175700589e+02
7.221136941909790039e+02,7.833049785871601216e+02
7.272057049274444580e+02,7.833090929669009483e+02
7.321645615100860596e+02,7.833200329515161684e+02
7.372006840705871582e+02,7.832854279213412383e+02
7.421726799011230469e+02,7.832381544415580947e+02
7.470913889408111572e+02,7.832498497068397683e+02
7.522305667400360107e+02,7.833022550722578217e+02
7.572339222431182861e+02,7.832534808149072205e+02
7.620651082992553711e+02,7.832516682496532212e+02
7.672369892597198486e+02,7.832450406752162735e+02
7.722038574218750000e+02,7.832808764920769136e+02
7.771867611408233643e+02,7.832366669916406181e+02
7.822315437793731689e+02,7.832363326661952669e+02
7.872125492095947266e+02,7.832290653406697629e+02
7.922123396396636963e+02,7.831387581499899397e+02
7.971016094684600830e+02,7.831617530681569406e+02
8.022326288223266602e+02,7.831852789151494108e+02
8.072279319763183594e+02,7.831065159659337951e+02
8.121701631546020508e+02,7.832023471545536495e+02
8.172016341686248779e+02,7.831459479280836149e+02
8.222432527542114258e+02,7.831701600836772741e+02
8.272013263702392578e+02,7.831253962384309943e+02
8.322586429119110107e+02,7.830991030625864369e+02
8.371546337604522705e+02,7.831363234589846343e+02
8.422491042613983154e+02,7.831120712079251689e+02
8.472069511413574219e+02,7.830775138879847646e+02
8.522401087284088135e+02,7.831329583377550989e+02
8.572597966194152832e+02,7.831131569145509275e+02
8.622768664360046387e+02,7.831262388185614327e+02
8.673016400337219238e+02,7.831143451403981999e+02
8.723302798271179199e+02,7.830760278618399752e+02
8.773870341777801514e+02,7.830967030932135913e+02
8.825184094905853271e+02,7.830596646273894521e+02
8.876079931259155273e+02,7.831537280527489884e+02
8.926861619949340820e+02,7.831072753959664396e+02
8.977393963336944580e+02,7.831097029781288938e+02
9.036079943180084229e+02,7.830944085819791098e+02
9.086999619007110596e+02,7.831009391405383440e+02
9.138667011260986328e+02,7.831011563904030481e+02
9.190303061008453369e+02,7.830993009462870305e+02
9.242148485183715820e+02,7.831222808617676492e+02
9.293135540485382080e+02,7.830561666812154726e+02
9.345112476348876953e+02,7.831438798571637108e+02
9.396620755195617676e+02,7.830454538707263055e+02
9.449091355800628662e+02,7.831216737554283327e+02
9.500888745784759521e+02,7.831044389050953214e+02
9.553506708145141602e+02,7.831277276140845061e+02
9.606401569843292236e+02,7.831050933289891418e+02
9.659359602928161621e+02,7.829922516214418238e+02
9.713985700607299805e+02,7.831113123527294420e+02
9.766943249702453613e+02,7.830145923579297005e+02
9.820610728263854980e+02,7.830763965358639780e+02
9.873426187038421631e+02,7.830938224936421648e+02
9.926369798183441162e+02,7.830752514769625350e+02
9.980338900089263916e+02,7.831243717809388727e+02
1.003521635532379150e+03,7.829652420680973819e+02
1.008912422418594360e+03,7.830523025326504012e+02
1.014243071556091309e+03,7.829821246385423592e+02
1.019664324045181274e+03,7.830274688649062682e+02
1.025140313625335693e+03,7.829932504388904135e+02
1.030457803010940552e+03,7.830076394819897132e+02
1.035832589864730835e+03,7.830099350971132708e+02
1.041367971420288086e+03,7.829440100650682552e+02
1.046826974153518677e+03,7.830400753082243455e+02
1.052236717700958252e+03,7.829359184950616282e+02
1.057763911962509155e+03,7.829481328650025489e+02
1.063376391887664795e+03,7.829151681036886430e+02
1.068925708055496216e+03,7.828379923231887005e+02
1.074469820976257324e+03,7.828968963608457443e+02
1.080053269624710083e+03,7.827741787650189735e+02
1.085638283014297485e+03,7.827668462766417861e+02
1.091190991640090942e+03,7.827703084592603773e+02
1.096813835382461548e+03,7.827627440316496177e+02
1.102473334550857544e+03,7.826969381667311154e+02
1.107998666763305664e+03,7.826415551511015565e+02
1.113623740911483765e+03,7.826490554609807759e+02
1.119268324851989746e+03,7.826421469530698687e+02
1.124989624023437500e+03,7.825589855309048062e+02
1.130720016956329346e+03,7.825352896321762728e+02
1.136413787126541138e+03,7.824811442792678235e+02
1.142050736427307129e+03,7.824732924038164583e+02
1.147816963672637939e+03,7.824488408194575868e+02
1.153710810422897339e+03,7.824611578550210425e+02
1.159413337707519531e+03,7.823837228004620101e+02
1.165118978023529053e+03,7.823675005932701652e+02
1.170792645692825317e+03,7.822857794435644792e+02
1.176607000827789307e+03,7.823012285009170910e+02
1.182346919536590576e+03,7.822850507624161764e+02
1.188191559791564941e+03,7.822137701234219094e+02
1.194084364652633667e+03,7.822894169283889596e+02
1.199957972288131714e+03,7.821842881461637944e+02
1.206783967494964600e+03,7.821118120910575726e+02
1.212608360290527344e+03,7.822023981117916946e+02
1.218528954744338989e+03,7.821683787686250753e+02
1.224376960039138794e+03,7.821386757433418779e+02
1.230310008049011230e+03,7.821603797816281940e+02
1.236164302825927734e+03,7.821527437076495062e+02
1.242110148668289185e+03,7.820075362638684737e+02
1.248129614114761353e+03,7.818387526468137594e+02
1.254129745721817017e+03,7.816617940665295237e+02
1.260127010822296143e+03,7.819163831898600847e+02
1.266059668302536011e+03,7.818831928243384937e+02
1.272104857206344604e+03,7.816862383074510490e+02
1.278186986207962036e+03,7.819540293484657241e+02
1.284263403654098511e+03,7.818317043834399556e+02
1.290310480833053589e+03,7.817935826291055719e+02
1.296428377151489258e+03,7.819527538252331169e+02
1.302484936714172363e+03,7.818849227922349883e+02
1.308614653587341309e+03,7.819172209138558856e+02
1.314771183252334595e+03,7.818982754348789967e+02
1.320916955471038818e+03,7.819059576601372328e+02
1.327092926025390625e+03,7.819350713800979520e+02
1.333322674751281738e+03,7.819858318375013368e+02
1.339516991853713989e+03,7.819404728996430549e+02
1.345839461565017700e+03,7.819578555579660133e+02
1.352013876914978027e+03,7.820076211526114776e+02
1.358100787162780762e+03,7.819811613324401378e+02
1.364323803424835205e+03,7.821230362458538821e+02
1.370500046014785767e+03,7.820880511113188049e+02
1.376646004915237427e+03,7.821254052795866301e+02
1.382823842287063599e+03,7.822086394069378912e+02
1.389096440553665161e+03,7.822144225199367611e+02
1.395225095987319946e+03,7.821598364552415887e+02
1.401369339227676392e+03,7.822680726572983758e+02
1.407582592010498047e+03,7.823212094502367790e+02
1.413854718685150146e+03,7.823764746217566426e+02
1.420149418592453003e+03,7.824669448315122509e+02
1.426583566427230835e+03,7.825459538520485694e+02
1.432875389814376831e+03,7.825660621518176185e+02
1.439310385465621948e+03,7.825515697930485430e+02
1.445715876340866089e+03,7.826782183545971066e+02
1.452209495306015015e+03,7.827400521420848918e+02
1.458656891107559204e+03,7.825425421009069851e+02
1.465106551647186279e+03,7.826497550731527326e+02
1.471606326103210449e+03,7.827907180620651388e+02
1.478041209220886230e+03,7.825769018925277578e+02
1.484568799734115601e+03,7.830434568457419573e+02
1.491070432186126709e+03,7.834287693266730912e+02
1.497628686904907227e+03,7.838168933499804325e+02
1.505293997287750244e+03,7.853800153596475866e+02
1.511843908071517944e+03,7.864868434693703421e+02
1.518460038423538208e+03,7.926607572338215277e+02
1.525010622024536133e+03,7.945274058238866246e+02
1.531648743152618408e+03,7.964497521960330459e+02
1.538291596412658691e+03,7.984439042051678825e+02
1.544999217987060547e+03,8.054694545473950029e+02
1.551617352724075317e+03,8.071601026512636281e+02
1.558193785667419434e+03,8.084845660211954055e+02
1.564869576692581177e+03,8.096816841216271996e+02
1.571847970247268677e+03,8.101485524832744431e+02
1.578452898263931274e+03,8.108694214175811794e+02
1.584984889745712280e+03,8.112083728673064797e+02
1.591696424245834351e+03,8.114727683169346619e+02
1.598383117914199829e+03,8.115115611893720597e+02
1.605086856842041016e+03,8.115778766733560587e+02
1.611845475196838379e+03,8.119355750844836166e+02
1.618605833530426025e+03,8.119018643465451532e+02
1.625391574621200562e+03,8.119674533156105554e+02
1.632377534151077271e+03,8.120492444192660741e+02
1.639226550579071045e+03,8.123028771523382829e+02
1.646077993154525757e+03,8.127557307303341076e+02
1.652868728160858154e+03,8.127887416250912338e+02
1.659843863248825073e+03,8.121939069092496766e+02
1.666781221628189087e+03,8.120808430791962564e+02
1.673683805704116821e+03,8.120516604411077424e+02
1.680480991125106812e+03,8.116600824977076627e+02
1.687397577524185181e+03,8.118203923636491481e+02
1.694449736595153809e+03,8.118068567579389310e+02
1.701434581041336060e+03,8.118663288386551358e+02
1.708431647300720215e+03,8.116869677727097496e+02
1.715422630548477173e+03,8.119547638159883718e+02
1.722555670022964478e+03,8.120851001482842548e+02
1.729643506288528442e+03,8.120671175942884474e+02
1.736687010765075684e+03,8.117556870343162245e+02
1.743799658536911011e+03,8.120213813139397416e+02
1.750883163452148438e+03,8.119878153524821300e+02
1.757864290714263916e+03,8.120374559077904451e+02
1.765001243114471436e+03,8.117547307125307725e+02
1.772168331861495972e+03,8.120035420522176537e+02
1.779289767026901245e+03,8.119343634965340470e+02
1.786507979154586792e+03,8.120299745285639119e+02
1.793718298196792603e+03,8.116727968154322070e+02
1.800913525104522705e+03,8.120490575459272122e+02
1.809386219024658203e+03,8.122186430052628339e+02
1.816707970380783081e+03,8.121624944636961345e+02
1.823985697507858276e+03,8.120957772935073535e+02
1.831529047727584839e+03,8.119334573331684624e+02
1.838792783021926880e+03,8.120797589331110657e+02
1.846168972015380859e+03,8.119545450615327127e+02
1.853451380491256714e+03,8.122873283686157038e+02
1.860889482975006104e+03,8.118801163516893666e+02
1.868193056821823120e+03,8.116549627717278099e+02
1.875565828800201416e+03,8.118297818030598592e+02
1.882995666503906250e+03,8.118260773050903936e+02
1.890404993057250977e+03,8.117392584315962267e+02
