9.242818355560302734e-01,1.000000000000000000e+03
5.880977869033813477e+00,1.000000000000000000e+03
1.088780617713928223e+01,1.000000000000000000e+03
1.599042010307312012e+01,1.000000000000000000e+03
2.097244358062744141e+01,1.000000000000000000e+03
2.595061564445495605e+01,1.000000000000000000e+03
3.096388077735900879e+01,1.000000000000000000e+03
3.596984577178955078e+01,1.000000000000000000e+03
4.097882628440856934e+01,1.000000000000000000e+03
4.589704656600952148e+01,1.000000000000000000e+03
5.078422164916992188e+01,1.000000000000000000e+03
5.588732028007507324e+01,1.000000000000000000e+03
6.096474099159240723e+01,1.000000000000000000e+03
6.599771404266357422e+01,1.000000000000000000e+03
7.089190888404846191e+01,1.000000000000000000e+03
7.590784525871276855e+01,1.000000000000000000e+03
8.094197130203247070e+01,1.000000000000000000e+03
8.598032569885253906e+01,1.000000000000000000e+03
9.099883174896240234e+01,1.000000000000000000e+03
9.597056055068969727e+01,1.000000000000000000e+03
1.009820561408996582e+02,1.000000000000000000e+03
1.059324645996093750e+02,1.000000000000000000e+03
1.108818368911743164e+02,1.000000000000000000e+03
1.158943064212799072e+02,1.000000000000000000e+03
1.209013381004333496e+02,1.000000000000000000e+03
1.260107421875000000e+02,1.000000000000000000e+03
1.308978245258331299e+02,1.000000000000000000e+03
1.359024910926818848e+02,1.000000000000000000e+03
1.410009982585906982e+02,1.000000000000000000e+03
1.458975670337677002e+02,1.000000000000000000e+03
1.509896905422210693e+02,1.000000000000000000e+03
1.560299146175384521e+02,1.000000000000000000e+03
1.609824781417846680e+02,1.000000000000000000e+03
1.659898030757904053e+02,1.000000000000000000e+03
1.709495670795440674e+02,1.000000000000000000e+03
1.759847061634063721e+02,1.000000000000000000e+03
1.809924876689910889e+02,1.000000000000000000e+03
1.860292994976043701e+02,1.000000000000000000e+03
1.909986438751220703e+02,1.000000000000000000e+03
1.959586255550384521e+02,1.000000000000000000e+03
2.009088423252105713e+02,1.000000000000000000e+03
2.060257182121276855e+02,1.000000000000000000e+03
2.109060702323913574e+02,1.000000000000000000e+03
2.160015339851379395e+02,1.000000000000000000e+03
2.208842434883117676e+02,1.000000000000000000e+03
2.259945781230926514e+02,1.000000000000000000e+03
2.309423184394836426e+02,1.000000000000000000e+03
2.360082015991210938e+02,1.000000000000000000e+03
2.410007979869842529e+02,1.000000000000000000e+03
2.459071226119995117e+02,1.000000000000000000e+03
2.509960467815399170e+02,1.000000000000000000e+03
2.559979491233825684e+02,1.000000000000000000e+03
2.610034806728363037e+02,1.000000000000000000e+03
2.659206891059875488e+02,1.000000000000000000e+03
2.710514168739318848e+02,1.000000000000000000e+03
2.758930590152740479e+02,1.000000000000000000e+03
2.809724919795989990e+02,1.000000000000000000e+03
2.859624919891357422e+02,1.000000000000000000e+03
2.908272831439971924e+02,1.000000000000000000e+03
2.959588601589202881e+02,1.000000000000000000e+03
3.015313870906829834e+02,1.000000000000000000e+03
3.065396628379821777e+02,1.000000000000000000e+03
3.115524296760559082e+02,1.000000000000000000e+03
3.165388288497924805e+02,1.000000000000000000e+03
3.215372564792633057e+02,1.000000000000000000e+03
3.264613428115844727e+02,1.000000000000000000e+03
3.315762953758239746e+02,1.000000000000000000e+03
3.365382688045501709e+02,1.000000000000000000e+03
3.414588303565979004e+02,1.000000000000000000e+03
3.465347418785095215e+02,1.000000000000000000e+03
3.515476052761077881e+02,1.000000000000000000e+03
3.565508060455322266e+02,1.000000000000000000e+03
3.615615034103393555e+02,1.000000000000000000e+03
3.665406970977783203e+02,1.000000000000000000e+03
3.715525507926940918e+02,1.000000000000000000e+03
3.765600428581237793e+02,1.000000000000000000e+03
3.814184997081756592e+02,1.000000000000000000e+03
3.865846982002258301e+02,1.000000000000000000e+03
3.914705464839935303e+02,1.000000000000000000e+03
3.965447173118591309e+02,1.000000000000000000e+03
4.015518405437469482e+02,1.000000000000000000e+03
4.065586042404174805e+02,1.000000000000000000e+03
4.115488412380218506e+02,1.000000000000000000e+03
4.165815813541412354e+02,1.000000000000000000e+03
4.215910317897796631e+02,1.000000000000000000e+03
4.265724503993988037e+02,1.000000000000000000e+03
4.314677958488464355e+02,1.000000000000000000e+03
4.365616011619567871e+02,1.000000000000000000e+03
4.414824852943420410e+02,1.000000000000000000e+03
4.465572211742401123e+02,1.000000000000000000e+03
4.514424822330474854e+02,1.000000000000000000e+03
4.565698797702789307e+02,1.000000000000000000e+03
4.615534584522247314e+02,1.000000000000000000e+03
4.665595717430114746e+02,1.000000000000000000e+03
4.716110913753509521e+02,1.000000000000000000e+03
4.765620250701904297e+02,1.000000000000000000e+03
4.815634751319885254e+02,1.000000000000000000e+03
4.864810025691986084e+02,1.000000000000000000e+03
4.915794708728790283e+02,1.000000000000000000e+03
4.965609529018402100e+02,1.000000000000000000e+03
5.016108913421630859e+02,1.000000000000000000e+03
5.064904127120971680e+02,1.000000000000000000e+03
5.115710270404815674e+02,1.000000000000000000e+03
5.165717113018035889e+02,1.000000000000000000e+03
5.214965493679046631e+02,1.000000000000000000e+03
5.264978058338165283e+02,1.000000000000000000e+03
5.315734648704528809e+02,1.000000000000000000e+03
5.365734827518463135e+02,1.000000000000000000e+03
5.415325632095336914e+02,1.000000000000000000e+03
5.466071307659149170e+02,1.000000000000000000e+03
5.515799486637115479e+02,1.000000000000000000e+03
5.565908687114715576e+02,1.000000000000000000e+03
5.615734963417053223e+02,1.000000000000000000e+03
5.665817079544067383e+02,1.000000000000000000e+03
5.716145086288452148e+02,1.000000000000000000e+03
5.765747244358062744e+02,1.000000000000000000e+03
5.816124825477600098e+02,1.000000000000000000e+03
5.865543863773345947e+02,1.000000000000000000e+03
5.915779004096984863e+02,1.000000000000000000e+03
5.965877618789672852e+02,1.000000000000000000e+03
6.023124973773956299e+02,1.000000000000000000e+03
6.072924768924713135e+02,1.000000000000000000e+03
6.121754763126373291e+02,1.000000000000000000e+03
6.177324864864349365e+02,1.000000000000000000e+03
6.229225296974182129e+02,1.000000000000000000e+03
6.278295557498931885e+02,1.000000000000000000e+03
6.328549003601074219e+02,1.000000000000000000e+03
6.379214589595794678e+02,1.000000000000000000e+03
6.428432774543762207e+02,1.000000000000000000e+03
6.478509428501129150e+02,1.000000000000000000e+03
6.533124928474426270e+02,1.000000000000000000e+03
6.583243415355682373e+02,1.000000000000000000e+03
6.633938999176025391e+02,1.000000000000000000e+03
6.683420035839080811e+02,1.000000000000000000e+03
6.734425134658813477e+02,1.000000000000000000e+03
6.787174148559570312e+02,1.000000000000000000e+03
6.838188312053680420e+02,1.000000000000000000e+03
6.889813945293426514e+02,1.000000000000000000e+03
6.941105961799621582e+02,1.000000000000000000e+03
6.991823687553405762e+02,1.000000000000000000e+03
7.043868072032928467e+02,1.000000000000000000e+03
7.095181949138641357e+02,1.000000000000000000e+03
7.146969223022460938e+02,1.000000000000000000e+03
7.197973625659942627e+02,1.000000000000000000e+03
7.250412857532501221e+02,1.000000000000000000e+03
7.302924201488494873e+02,1.000000000000000000e+03
7.354834473133087158e+02,1.000000000000000000e+03
7.406724951267242432e+02,1.000000000000000000e+03
7.459184441566467285e+02,1.000000000000000000e+03
7.512600610256195068e+02,1.000000000000000000e+03
7.566619343757629395e+02,1.000000000000000000e+03
7.620308990478515625e+02,2.141757557870169421e+03
7.678544871807098389e+02,2.149569309473882640e+03
7.734699082374572754e+02,2.155525642479813541e+03
7.790389087200164795e+02,2.157327932363223681e+03
7.844999549388885498e+02,2.156571001740602242e+03
7.899612715244293213e+02,2.162050762084250891e+03
7.955402765274047852e+02,2.156537662875548449e+03
8.010703847408294678e+02,2.156240575032600645e+03
8.067467324733734131e+02,2.158714281367389049e+03
8.123466022014617920e+02,2.156563087060783801e+03
8.179612188339233398e+02,2.154297830875902946e+03
8.235351514816284180e+02,2.155157308776789705e+03
8.291241424083709717e+02,2.152710887557382193e+03
8.349402003288269043e+02,2.155429374339020796e+03
8.406634564399719238e+02,2.152177771681471313e+03
8.463324384689331055e+02,2.151820989427134009e+03
8.519399416446685791e+02,2.151195303094642895e+03
8.576895887851715088e+02,2.149570670599874120e+03
8.635220699310302734e+02,2.149285126111515638e+03
8.693369107246398926e+02,2.150966037623158172e+03
8.750120069980621338e+02,2.149546301901747483e+03
8.808288137912750244e+02,2.148080339441496562e+03
8.866570768356323242e+02,2.144649775643335943e+03
8.926188406944274902e+02,2.144497821042562464e+03
8.985293111801147461e+02,2.145029027586604570e+03
9.052870824337005615e+02,2.142860259388109171e+03
9.111602482795715332e+02,2.142349817075575629e+03
9.170847716331481934e+02,2.144006681282467525e+03
9.230213711261749268e+02,2.142222466741565768e+03
9.289180657863616943e+02,2.143119560061266384e+03
9.349368579387664795e+02,2.141618290966962832e+03
9.408902254104614258e+02,2.140483664310838321e+03
9.469696588516235352e+02,2.140802453764667462e+03
9.531542193889617920e+02,2.141387139527799263e+03
9.593119342327117920e+02,2.140409260461866779e+03
9.654013805389404297e+02,2.141018975442284500e+03
9.715216889381408691e+02,2.141965478008578430e+03
9.777657105922698975e+02,2.140937340137492811e+03
9.839109828472137451e+02,2.141431870271043408e+03
9.900878741741180420e+02,2.143287919219550986e+03
9.962688264846801758e+02,2.143842991255492052e+03
1.002416244029998779e+03,2.145954189949777174e+03
1.008630270242691040e+03,2.147385955149878555e+03
1.015022213220596313e+03,2.144994185095239118e+03
1.021331952095031738e+03,2.146513975972872686e+03
1.027631146430969238e+03,2.148187002133010083e+03
1.033861485242843628e+03,2.148168596927758244e+03
1.040193455219268799e+03,2.148741128359201412e+03
1.046580896615982056e+03,2.149617423661497014e+03
1.052977854728698730e+03,2.148023668134765558e+03
1.059442478895187378e+03,2.148387758822125761e+03
1.066079226493835449e+03,2.148258492044602463e+03
1.072624594926834106e+03,2.141915779992260013e+03
1.079052832365036011e+03,2.143896011684026234e+03
1.085552411556243896e+03,2.143323065023562322e+03
1.092057803869247437e+03,2.142601829189211912e+03
1.098622742891311646e+03,2.142372825220965296e+03
1.105197854518890381e+03,2.140439893357634446e+03
1.111841127395629883e+03,2.140318723270266219e+03
