9.120233058929443359e-01,9.774838673735175689e+02
5.883202791213989258e+00,9.780276256723028609e+02
1.098103666305541992e+01,9.776652296306627932e+02
1.595972704887390137e+01,9.780471543386072426e+02
2.084533309936523438e+01,9.778932940601611108e+02
2.601455783843994141e+01,9.779543024138326928e+02
3.093975591659545898e+01,9.782533401458169919e+02
3.587996959686279297e+01,9.779357836065343008e+02
4.095532870292663574e+01,9.777133787133445821e+02
4.597630739212036133e+01,9.777643213970619627e+02
5.083275508880615234e+01,9.777474855585073783e+02
5.586002969741821289e+01,9.776015653809668038e+02
6.099121546745300293e+01,9.780205894884268218e+02
6.597534608840942383e+01,9.775554402608731834e+02
7.098322343826293945e+01,9.781970609919535491e+02
7.583534860610961914e+01,9.778683258801351030e+02
8.086221504211425781e+01,9.780142668982060741e+02
8.600097846984863281e+01,9.780523436196964440e+02
9.100998067855834961e+01,9.779958473610558940e+02
9.595177030563354492e+01,9.780897180874438845e+02
1.009425642490386963e+02,9.779540241675199468e+02
1.059675624370574951e+02,9.780709003370745904e+02
1.109472723007202148e+02,9.778650765992540528e+02
1.159598913192749023e+02,9.779471265998349736e+02
1.209719667434692383e+02,9.778281306561353858e+02
1.259278779029846191e+02,9.780655621284184917e+02
1.310016529560089111e+02,9.776116600706201325e+02
1.359573931694030762e+02,9.782465797363687443e+02
1.410622432231903076e+02,9.776766009546922760e+02
1.460032229423522949e+02,9.784076493773811762e+02
1.509837357997894287e+02,9.780603964629594884e+02
1.559622213840484619e+02,9.784025508868617180e+02
1.610217680931091309e+02,9.783591792088267312e+02
1.660100600719451904e+02,9.783720408642871007e+02
1.710109822750091553e+02,9.784680460784165916e+02
1.759863679409027100e+02,9.782964466351768351e+02
1.810175733566284180e+02,9.783129544384237306e+02
1.859068627357482910e+02,9.781244498252509629e+02
1.909922318458557129e+02,9.782008850714319124e+02
1.960113322734832764e+02,9.780920325692820825e+02
2.009979312419891357e+02,9.784717665147356911e+02
2.060322313308715820e+02,9.781899862373260248e+02
2.109776928424835205e+02,9.797782939032176728e+02
2.160163302421569824e+02,9.808613922951293489e+02
2.210217282772064209e+02,9.918885990507061479e+02
2.259110326766967773e+02,1.004872016641624441e+03
2.309046783447265625e+02,1.020842356497596370e+03
2.359331831932067871e+02,1.024851379282283915e+03
2.408923718929290771e+02,1.025818397755919023e+03
2.459096612930297852e+02,1.026447371683460915e+03
2.509986944198608398e+02,1.026726244509674416e+03
2.560269439220428467e+02,1.026847247692893234e+03
2.610545282363891602e+02,1.026970250252343021e+03
2.659853026866912842e+02,1.027094396696822969e+03
2.710174276828765869e+02,1.027036344704217527e+03
2.759879300594329834e+02,1.027113941719149807e+03
2.810106940269470215e+02,1.036132230673007143e+03
2.860677070617675781e+02,1.038079962055844589e+03
2.909018490314483643e+02,1.039995935490572947e+03
2.959399976730346680e+02,1.041421447364641608e+03
3.015322389602661133e+02,1.048389191040584365e+03
3.065701770782470703e+02,1.050371998463688442e+03
3.114987313747406006e+02,1.051487748150180778e+03
3.165132641792297363e+02,1.052984827057375242e+03
3.215136957168579102e+02,1.054044695245391040e+03
3.266783380508422852e+02,1.054875853828590152e+03
3.315252952575683594e+02,1.055921075308488753e+03
3.366635544300079346e+02,1.056529391683693802e+03
3.415608377456665039e+02,1.062070837779085423e+03
3.466142468452453613e+02,1.063080111436630432e+03
3.515389897823333740e+02,1.063528590912465916e+03
3.564949417114257812e+02,1.064451213550151806e+03
3.616442766189575195e+02,1.064861062722059160e+03
3.666800460815429688e+02,1.065409068912975272e+03
3.716618394851684570e+02,1.066479745323809766e+03
3.766253356933593750e+02,1.066830010773207960e+03
3.815550689697265625e+02,1.067896909698637046e+03
3.866122984886169434e+02,1.068157778073314148e+03
3.916252415180206299e+02,1.069504341020049196e+03
3.965399980545043945e+02,1.069911244937352649e+03
4.015872144699096680e+02,1.070986777820522320e+03
4.066863291263580322e+02,1.076044219886652400e+03
4.116200039386749268e+02,1.076815055331178655e+03
4.165039503574371338e+02,1.077908693468279125e+03
4.216190249919891357e+02,1.078186021830171967e+03
4.266300184726715088e+02,1.079396361672575495e+03
4.316539030075073242e+02,1.079735845644460369e+03
4.365842204093933105e+02,1.080565124091967618e+03
4.415169317722320557e+02,1.081222968481607495e+03
4.466513125896453857e+02,1.081597697116820882e+03
4.515980157852172852e+02,1.082813060803951203e+03
4.565300283432006836e+02,1.081975294291195269e+03
4.616623063087463379e+02,1.082049333599067040e+03
4.666173543930053711e+02,1.082269887788854703e+03
4.716013193130493164e+02,1.082776621618143736e+03
4.766522414684295654e+02,1.082700914432661648e+03
4.816209297180175781e+02,1.083225292067407736e+03
4.865878102779388428e+02,1.083242612531881150e+03
4.915968029499053955e+02,1.083623704553387824e+03
4.964981291294097900e+02,1.083747727665198681e+03
5.016134579181671143e+02,1.084053861576525378e+03
5.066499738693237305e+02,1.084065353784953459e+03
5.116339142322540283e+02,1.084439916002481823e+03
5.166714050769805908e+02,1.084550945964376751e+03
5.217453494071960449e+02,1.084678356988474661e+03
5.267499938011169434e+02,1.088974960359440729e+03
5.316890497207641602e+02,1.089966181384848369e+03
5.367473154067993164e+02,1.089734398570876237e+03
5.417887361049652100e+02,1.090913612946835883e+03
5.468375422954559326e+02,1.090805570146187165e+03
5.519248828887939453e+02,1.091561511706854617e+03
5.569591209888458252e+02,1.091585079022677064e+03
5.620740866661071777e+02,1.092224587689476948e+03
5.672168271541595459e+02,1.092320643872560595e+03
5.722199792861938477e+02,1.092750879219966691e+03
5.772618482112884521e+02,1.092755506652786607e+03
5.825186731815338135e+02,1.092436966080743559e+03
5.877439200878143311e+02,1.091475641313814549e+03
5.929441952705383301e+02,1.091690139208327537e+03
5.980415658950805664e+02,1.091919516923094079e+03
6.040321857929229736e+02,1.092792866495202134e+03
6.094542858600616455e+02,1.092820693955511842e+03
6.148288710117340088e+02,1.093109197684452283e+03
6.201522934436798096e+02,1.093297980699250957e+03
6.254892902374267578e+02,1.093383072471099467e+03
6.308940181732177734e+02,1.093453880185994194e+03
6.362571845054626465e+02,1.093577293735122794e+03
6.416343538761138916e+02,1.093559650271738747e+03
6.468622024059295654e+02,1.093578996567302511e+03
6.523248677253723145e+02,1.093987564709018898e+03
6.575691604614257812e+02,1.094462973796698861e+03
6.628500444889068604e+02,1.094375062626444333e+03
6.683118629455566406e+02,1.094320771615572994e+03
6.736698405742645264e+02,1.094393615479803884e+03
6.790563387870788574e+02,1.094058774711975275e+03
6.846604979038238525e+02,1.095438126934668844e+03
6.901052739620208740e+02,1.094950919736128299e+03
6.955674889087677002e+02,1.094887879575756642e+03
7.012588803768157959e+02,1.094977361787484369e+03
7.067322599887847900e+02,2.116182517165419995e+03
7.123047254085540771e+02,1.092628241821256324e+03
7.177891671657562256e+02,1.092333350817680412e+03
7.233084080219268799e+02,1.092994889334927620e+03
7.287875692844390869e+02,1.091698219145679332e+03
7.344196846485137939e+02,1.092026189381726226e+03
7.401752457618713379e+02,1.091860438881356004e+03
7.457798206806182861e+02,1.090937985783253453e+03
7.516452767848968506e+02,1.091580857037080250e+03
7.573607959747314453e+02,1.091052333338782773e+03
7.632390210628509521e+02,1.090969473207438114e+03
7.688607695102691650e+02,1.091317324289960879e+03
7.747267527580261230e+02,1.090649367079277908e+03
7.805840301513671875e+02,1.091041613979021804e+03
7.864901106357574463e+02,1.091605114035926590e+03
7.923463270664215088e+02,1.091244809395198445e+03
7.982514107227325439e+02,1.091773671512121155e+03
8.042217638492584229e+02,1.091073622174656521e+03
8.101583733558654785e+02,1.091826494343065633e+03
8.161021330356597900e+02,1.091673157653640828e+03
8.222431938648223877e+02,1.091298914223422571e+03
8.282446684837341309e+02,1.091496576079826809e+03
8.343053281307220459e+02,1.091468116378211789e+03
8.404841737747192383e+02,1.091254584236158507e+03
8.464837460517883301e+02,1.091324511417808480e+03
8.525345137119293213e+02,1.091263490562037759e+03
8.586643311977386475e+02,1.090992468772344182e+03
8.647161152362823486e+02,1.090682410416631910e+03
8.708722159862518311e+02,1.091022792030902565e+03
8.770608150959014893e+02,1.090737943025336335e+03
8.833953087329864502e+02,1.090727418671554233e+03
8.896987597942352295e+02,1.090862015993252726e+03
8.959908106327056885e+02,1.090900580698471003e+03
9.033460910320281982e+02,1.090863350731775199e+03
9.098784189224243164e+02,1.091067991114750157e+03
9.163352892398834229e+02,1.090716645925996090e+03
9.227412536144256592e+02,1.091004553847677471e+03
9.291431369781494141e+02,1.091228914131598003e+03
9.355853250026702881e+02,1.090703989902949161e+03
9.421758103370666504e+02,1.090979626504370117e+03
9.486738367080688477e+02,1.090924006182410949e+03
9.552144787311553955e+02,1.090861027581130656e+03
9.617790920734405518e+02,1.090736776238573157e+03
9.683838362693786621e+02,1.090817991927351613e+03
9.751335017681121826e+02,1.090833237948501619e+03
9.819218792915344238e+02,1.090657730298002434e+03
9.886769740581512451e+02,1.091073901660641468e+03
9.955147917270660400e+02,1.090911383402619094e+03
1.002534121751785278e+03,1.090469771975605909e+03
1.009508303642272949e+03,1.090526680070130851e+03
1.016465257644653320e+03,1.091076083413764536e+03
1.023408189535140991e+03,1.090992982216093196e+03
1.030398735284805298e+03,1.090840489811441557e+03
1.037428052902221680e+03,1.090579604944362245e+03
1.044364558696746826e+03,1.091004057502125761e+03
1.051459678649902344e+03,1.091129214632963567e+03
1.058795375347137451e+03,1.090535223662100179e+03
1.065947801589965820e+03,1.090733854392176227e+03
1.073149562120437622e+03,1.091698158546927061e+03
1.080407124757766724e+03,1.091991131445042811e+03
1.087541348457336426e+03,1.092782598811486650e+03
1.094768647193908691e+03,1.093537318376679195e+03
1.102081412076950073e+03,1.094434552959136454e+03
1.109436259746551514e+03,1.095206603018633587e+03
1.116852111816406250e+03,1.096164015032574753e+03
1.124366684913635254e+03,1.096238249531119436e+03
1.131826363086700439e+03,1.096687987088484761e+03
1.139302306413650513e+03,1.097391099494326909e+03
1.146712062358856201e+03,1.100762045746818330e+03
1.154190173387527466e+03,1.101869157757862467e+03
