8.954677581787109375e-01,8.103789635307510935e+02
5.945038318634033203e+00,8.097371901116016488e+02
1.093894433975219727e+01,8.099495431987986649e+02
1.599078011512756348e+01,8.102770426148354090e+02
2.092541050910949707e+01,8.100533132006964934e+02
2.596053123474121094e+01,8.104093021270896315e+02
3.098476696014404297e+01,8.103167344347682501e+02
3.596471858024597168e+01,8.104430033076348536e+02
4.097550463676452637e+01,8.103990037508366413e+02
4.589492702484130859e+01,8.104842591854439888e+02
5.091234564781188965e+01,8.103877859848091703e+02
5.588439011573791504e+01,8.103318861499639070e+02
6.095465350151062012e+01,8.104587414606238553e+02
6.602134919166564941e+01,8.103036278132128700e+02
7.088134574890136719e+01,8.106312461896909554e+02
7.598467135429382324e+01,8.103665099492922081e+02
8.090132641792297363e+01,8.106178267905132770e+02
8.602546286582946777e+01,8.103667011013557158e+02
9.098323416709899902e+01,8.106594968526803768e+02
9.595649790763854980e+01,8.104213042547218038e+02
1.009851005077362061e+02,8.106532181953290319e+02
1.060164971351623535e+02,8.104976835414375955e+02
1.109515011310577393e+02,8.107310031759917592e+02
1.160097649097442627e+02,8.106204339639793943e+02
1.210141794681549072e+02,8.107886938567312427e+02
1.259934082031250000e+02,8.107984789456603494e+02
1.310299391746520996e+02,8.106848951747211913e+02
1.359955029487609863e+02,8.111486488560908583e+02
1.410033648014068604e+02,8.111311223773905112e+02
1.459447605609893799e+02,8.116827287083950750e+02
1.509753777980804443e+02,8.119478669863250389e+02
1.559951717853546143e+02,8.126816910981681303e+02
1.610351464748382568e+02,8.131627988852627595e+02
1.659745016098022461e+02,8.140305815267829530e+02
1.709877150058746338e+02,8.209232181446111554e+02
1.760044753551483154e+02,8.223413737832111110e+02
1.809390504360198975e+02,8.231363045517156252e+02
1.859160237312316895e+02,8.245635054707930749e+02
1.910490407943725586e+02,8.253266526199023474e+02
1.959254841804504395e+02,8.267451491237840173e+02
2.009397554397583008e+02,8.274264356971476673e+02
2.060400238037109375e+02,8.284771861361795118e+02
2.110125026702880859e+02,8.290018620015689521e+02
2.160499198436737061e+02,8.297655830468194154e+02
2.210052919387817383e+02,8.301534607012905553e+02
2.259555613994598389e+02,8.378299875780516004e+02
2.309062073230743408e+02,8.381554754156441049e+02
2.360001714229583740e+02,8.385948319562089637e+02
2.410494792461395264e+02,8.389818184905958560e+02
2.460064992904663086e+02,8.391258342473861376e+02
2.509602336883544922e+02,8.394272218134369723e+02
2.559505109786987305e+02,8.395100209250301759e+02
2.610239670276641846e+02,8.397006283088063583e+02
2.660113723278045654e+02,8.396813028293123580e+02
2.709328002929687500e+02,8.398475336566557417e+02
2.760251593589782715e+02,8.398283140740242061e+02
2.810050544738769531e+02,8.398155313832965021e+02
2.859335672855377197e+02,8.398053475392553082e+02
2.909320638179779053e+02,8.398199751849948598e+02
2.960154857635498047e+02,8.391257882261427312e+02
3.015530321598052979e+02,8.388620401167499949e+02
3.065651736259460449e+02,8.388310240900044619e+02
3.114848995208740234e+02,8.390057952694291998e+02
3.165560698509216309e+02,8.390090882678081243e+02
3.215323238372802734e+02,8.393883960714988461e+02
3.265446431636810303e+02,8.390600048798316948e+02
3.315264930725097656e+02,8.393287894817503911e+02
3.365341742038726807e+02,8.392587324338815051e+02
3.415754151344299316e+02,8.392722627531752551e+02
3.465398545265197754e+02,8.390226812635112310e+02
3.514877026081085205e+02,8.392316588218058087e+02
3.564810600280761719e+02,8.391178366318175676e+02
3.615634651184082031e+02,8.391655431426291898e+02
3.664635107517242432e+02,8.391121440789430608e+02
3.715421035289764404e+02,8.392115307853431432e+02
3.765364975929260254e+02,8.393009427386371044e+02
3.815352528095245361e+02,8.391008472754919012e+02
3.865364956855773926e+02,8.392862246439746059e+02
3.915412936210632324e+02,8.393488709513001140e+02
3.965645320415496826e+02,8.393693453400118187e+02
4.014522371292114258e+02,8.392119163338161343e+02
4.065448899269104004e+02,8.394084907238528785e+02
4.115175261497497559e+02,8.392405388629865683e+02
4.165440547466278076e+02,8.393070011695255062e+02
4.214947907924652100e+02,8.392996120489157192e+02
4.266013305187225342e+02,8.391534288192960958e+02
4.314200839996337891e+02,8.389114424786156405e+02
4.365564939975738525e+02,8.390649909897806538e+02
4.415700879096984863e+02,8.391736895059350445e+02
4.464484498500823975e+02,8.391316478431336918e+02
4.515845246315002441e+02,8.392789046682186154e+02
4.565098712444305420e+02,8.392993567522614740e+02
4.615705406665802002e+02,8.392270791100432916e+02
4.665878543853759766e+02,8.391977237196356327e+02
4.714122180938720703e+02,8.394865958530355101e+02
4.765523085594177246e+02,8.394650611987576667e+02
4.815578238964080811e+02,8.394577071507301298e+02
4.865156991481781006e+02,8.394473350033641736e+02
4.915778861045837402e+02,8.394467926333509240e+02
4.965592467784881592e+02,8.392167056856649197e+02
5.015682997703552246e+02,8.394406996940388126e+02
5.065304825305938721e+02,8.390359667572697617e+02
5.114451251029968262e+02,8.393393129759900830e+02
5.164951162338256836e+02,8.390923872884050070e+02
5.214638874530792236e+02,8.392980159376987785e+02
5.265846319198608398e+02,8.393616072108895878e+02
5.315484924316406250e+02,8.392494411609267218e+02
5.365723161697387695e+02,8.391464758317803216e+02
5.415428826808929443e+02,8.392339088912086709e+02
5.465904729366302490e+02,8.393923675140807745e+02
5.515738453865051270e+02,8.393409233584375215e+02
5.565579736232757568e+02,8.397360736450605145e+02
5.614748392105102539e+02,8.397415831369889929e+02
5.666090741157531738e+02,8.403497622650412495e+02
5.715195908546447754e+02,8.405855976465597905e+02
5.765553832054138184e+02,8.411541098256840314e+02
5.815779728889465332e+02,8.415794637989226885e+02
5.866146264076232910e+02,8.424335737501552330e+02
5.915036313533782959e+02,8.436140066712307544e+02
5.965823998451232910e+02,8.444114878531514705e+02
6.021317322254180908e+02,8.461764960630434871e+02
6.070902493000030518e+02,8.469113843419498835e+02
6.120854988098144531e+02,8.560072075003857890e+02
6.171514103412628174e+02,8.572110239469852786e+02
6.221718096733093262e+02,8.587909717938196081e+02
6.272040004730224609e+02,8.590104136910618990e+02
6.321597456932067871e+02,8.605584913152885065e+02
6.371923487186431885e+02,8.607903804307826476e+02
6.421804144382476807e+02,8.614921947844688930e+02
6.471713273525238037e+02,8.620253166145372461e+02
6.520634157657623291e+02,8.627323165900666027e+02
6.571658241748809814e+02,8.630399149655031579e+02
6.621258480548858643e+02,8.632521576781161912e+02
6.672236840724945068e+02,8.634292596809316365e+02
6.721743366718292236e+02,8.637198491372145099e+02
6.770798509120941162e+02,8.638342101523244310e+02
6.822099764347076416e+02,8.639720225227891888e+02
6.871793439388275146e+02,8.639239918773680529e+02
6.920907061100006104e+02,8.638684630892385030e+02
6.971954886913299561e+02,8.641791619399775755e+02
7.020877242088317871e+02,8.638822157118243013e+02
7.071882853507995605e+02,8.642557838321146164e+02
7.121528131961822510e+02,8.639221603085445622e+02
7.171613032817840576e+02,8.642070960391004064e+02
7.221847052574157715e+02,8.637670441357298614e+02
7.271713657379150391e+02,8.639049806006144081e+02
7.320354542732238770e+02,8.635026898337126795e+02
7.372184062004089355e+02,8.634016730986796802e+02
7.421083824634552002e+02,8.631674515072570557e+02
7.471283535957336426e+02,8.633822133828203960e+02
7.521044230461120605e+02,8.630985570016633801e+02
7.571138968467712402e+02,8.633649219816081768e+02
7.621535010337829590e+02,8.634043596755648196e+02
7.671894602775573730e+02,8.633325426690224731e+02
7.721570832729339600e+02,8.635381455799583819e+02
7.771823220252990723e+02,8.631805964610479123e+02
7.821454648971557617e+02,8.634593336647965316e+02
7.872348544597625732e+02,8.628674607080705528e+02
7.921155025959014893e+02,8.630825531162388415e+02
7.971825513839721680e+02,8.628442673925908366e+02
8.021996092796325684e+02,8.629114246317913057e+02
8.071221306324005127e+02,8.628537268707739258e+02
8.121122257709503174e+02,8.629547390213002700e+02
8.172143120765686035e+02,8.627668651361744878e+02
8.221978762149810791e+02,8.630052469271574864e+02
8.271964945793151855e+02,8.627727630806994057e+02
8.321521306037902832e+02,8.629792697515371174e+02
8.371984009742736816e+02,8.628587487262755076e+02
8.421950147151947021e+02,8.629596004010485331e+02
8.472421779632568359e+02,8.630215369337155380e+02
8.521708383560180664e+02,8.628388600850493049e+02
8.572147500514984131e+02,8.631459119740902679e+02
8.622525026798248291e+02,8.626360698321722111e+02
8.672813036441802979e+02,8.627656447879348889e+02
8.722885770797729492e+02,8.627046461329854310e+02
8.773325495719909668e+02,8.627220927582211516e+02
8.822949769496917725e+02,8.627163770670132408e+02
8.873297874927520752e+02,8.628335984611638878e+02
8.923049237728118896e+02,8.627844950927307082e+02
8.974254992008209229e+02,8.630889171444798649e+02
9.032039365768432617e+02,8.631729886822068920e+02
9.081707227230072021e+02,8.632318634221093134e+02
9.132674586772918701e+02,8.634897187033767523e+02
9.186132764816284180e+02,8.631960726797589132e+02
9.237713410854339600e+02,8.633348369263867426e+02
9.289031000137329102e+02,8.634606550791773998e+02
9.340605535507202148e+02,8.635998722657985809e+02
9.391897251605987549e+02,8.637418127025349577e+02
9.443454921245574951e+02,8.639913733421763027e+02
9.496254801750183105e+02,8.639632131070085279e+02
9.549095454216003418e+02,8.642503549718628619e+02
9.600924532413482666e+02,8.647191066354131408e+02
9.653549597263336182e+02,8.644020222890289915e+02
9.705984675884246826e+02,8.648825702384058332e+02
9.758150286674499512e+02,8.649569296116428632e+02
9.811213443279266357e+02,8.654026519751893147e+02
9.864392802715301514e+02,8.653403602261265632e+02
9.917228927612304688e+02,8.658237064309283824e+02
9.970377471446990967e+02,8.662979622950914518e+02
1.002238373756408691e+03,8.741743966591583330e+02
1.007551337003707886e+03,8.750678339440281661e+02
1.013061213016510010e+03,8.753067413347764614e+02
1.018457498073577881e+03,8.761584019105285961e+02
1.023734144687652588e+03,8.768236804929707660e+02
1.029090042352676392e+03,8.779661998980357112e+02
1.034456511974334717e+03,8.790021820772267347e+02
1.040005065441131592e+03,8.797365730288099712e+02
1.045580933809280396e+03,8.811437586541921974e+02
1.051047864913940430e+03,8.821771742130015355e+02
1.056535511016845703e+03,8.832713771055515508e+02
1.061979807376861572e+03,8.915758393586870625e+02
1.067473068952560425e+03,8.923910231580340451e+02
1.073060451984405518e+03,8.934998635572496823e+02
1.078436493873596191e+03,8.940947764952570651e+02
1.083891178131103516e+03,8.945844493139278484e+02
1.089485457897186279e+03,8.946776193943935596e+02
1.095005053997039795e+03,8.954493405203702423e+02
1.100509607553482056e+03,8.958855810883615050e+02
1.106235479116439819e+03,8.957742639803714155e+02
1.111926961660385132e+03,8.960019956464868756e+02
1.117643048524856567e+03,8.958715625656458315e+02
1.123245340347290039e+03,8.963883690302726563e+02
1.128756490230560303e+03,8.962103362728024649e+02
1.134452944993972778e+03,8.960028629998096221e+02
1.140354853153228760e+03,8.961568063345062001e+02
1.145899748086929321e+03,8.958917279129508415e+02
1.151481033086776733e+03,8.961337095315029728e+02
1.157206497669219971e+03,8.961359430105540014e+02
1.162862549304962158e+03,8.962720223446168575e+02
1.168553344249725342e+03,8.960373324646475339e+02
1.174203349351882935e+03,8.963218534447580623e+02
1.179845019102096558e+03,8.964845714238749679e+02
1.185616680145263672e+03,8.962099647166980958e+02
1.191241717815399170e+03,8.967217829349111753e+02
1.197050668954849243e+03,8.962433768729204075e+02
1.203924713373184204e+03,8.965303815578686226e+02
1.209757861852645874e+03,8.965676538099149866e+02
1.215515368700027466e+03,8.962656218032278730e+02
1.221410191774368286e+03,8.964618707620589930e+02
1.227365449666976929e+03,8.961759797473465596e+02
1.233431440830230713e+03,8.963347989960655013e+02
1.239435290336608887e+03,8.962953265422075901e+02
1.245447726488113403e+03,8.964088332077833456e+02
1.251346821546554565e+03,8.961617971874934483e+02
1.257339402675628662e+03,8.964290417569201281e+02
1.263328636407852173e+03,8.960631045042470078e+02
1.269333328723907471e+03,8.961354818940650375e+02
1.275325491189956665e+03,8.962551134917162017e+02
1.281336405277252197e+03,8.959137025693647729e+02
1.287365509271621704e+03,8.961243669657162627e+02
1.293372253656387329e+03,8.961858863167338995e+02
1.299389903068542480e+03,8.958816228444305807e+02
1.305454714059829712e+03,8.963681039592507886e+02
1.311433423757553101e+03,8.960975791137137776e+02
1.317479166269302368e+03,8.959855310852449293e+02
1.323567870378494263e+03,8.961817275949750865e+02
1.329997582435607910e+03,8.959628209596937722e+02
1.336279060840606689e+03,8.958786723758971675e+02
1.342809546709060669e+03,8.960944336932251417e+02
1.349091686487197876e+03,8.957483538812232382e+02
1.355487841606140137e+03,8.958910483830250087e+02
1.361928871631622314e+03,8.959963061804567133e+02
1.368120354890823364e+03,8.959073432092015992e+02
1.374525490760803223e+03,8.956777026552057350e+02
1.380647850036621094e+03,8.959151340546278561e+02
1.386935305833816528e+03,8.957901805053741100e+02
1.393293492317199707e+03,8.956132163266507860e+02
1.399541207075119019e+03,8.959631987477481516e+02
1.405747908830642700e+03,8.957754200984916224e+02
1.412005068063735962e+03,8.956187168898487698e+02
1.418294862508773804e+03,8.958267923171246139e+02
1.424672422647476196e+03,8.958873781144025088e+02
1.430863057374954224e+03,8.959870635099009633e+02
1.437159467935562134e+03,8.964017043320531002e+02
1.443572336435317993e+03,8.966327393409222850e+02
1.449842714786529541e+03,8.970970021684171343e+02
1.456200436115264893e+03,8.976975387343200055e+02
1.462609422445297241e+03,9.065472444525233868e+02
1.469088402748107910e+03,9.075230055866754810e+02
1.475559579372406006e+03,9.085554961042123523e+02
1.482048018693923950e+03,9.101254146191404288e+02
1.488665300369262695e+03,9.112872052774306439e+02
1.495271369934082031e+03,9.125500604605201715e+02
1.502864854097366333e+03,9.207985930812196784e+02
1.509345503807067871e+03,9.221967985894458479e+02
1.515923053979873657e+03,9.230172872327653977e+02
1.522531782150268555e+03,9.235703295180259147e+02
1.529173023939132690e+03,9.242165381895896417e+02
1.535761226654052734e+03,9.245806418946777967e+02
1.542437999725341797e+03,9.249049777084177322e+02
1.549065465450286865e+03,9.249007687139692280e+02
1.556079115629196167e+03,9.255404805510526103e+02
1.562890794992446899e+03,9.252221124416422526e+02
1.569778539896011353e+03,9.253663304092003727e+02
1.576448848247528076e+03,9.255577308983556577e+02
1.583108505487442017e+03,9.256681831020804339e+02
1.589915201663970947e+03,9.254412429094627441e+02
1.596689369916915894e+03,9.253746984248274430e+02
1.603386874198913574e+03,9.259762802472937437e+02
1.610215505361557007e+03,9.257714448144744210e+02
1.617110413551330566e+03,9.258133833273946038e+02
1.623941255092620850e+03,9.255278797333808143e+02
1.630705859661102295e+03,9.256523930958987876e+02
1.637623234987258911e+03,9.256129198415476367e+02
1.644518804788589478e+03,9.258806974084687909e+02
1.651505438804626465e+03,9.255257491848016116e+02
1.658485736370086670e+03,9.256124087483287894e+02
